126  1 233 233 255 255 180 230 348 5.9e+04 65.7 66.6  0
127  1 35.4 32.4 255 255  0 0.1 348 387 1.8 1.8  1
128  1 29.5 26.7 255 255  0  0 349 387 1.5 0.9  2
129 1.14 24.9 23.8 254 255  0  0 350 387 0.3 0.6  3
130 1.14 24 21.4 255 255  0  0 350 387  0 0.49  4
131 1.2 23.6 20.9 255 255  0  0 350 388 1.2 1.37  5
132  1 19.4 17.5 255 255  0  0 350 388 0.8 0.671  6
133 1.14 18.2 15.6 255 255  0  0 350 388 1.33 1.8  7
134 1.25 22.6 20.8 255 255  0  0 350 388 0.8 0.6  8
135  1 20.9 18.1 255 255  0  0 350 388 0.3 0.3  9
136 1.25 19.6 17.4 255 255  0  0 350 388 2.24 1.8 10
137  1 12 11.3 255 255  0  0 350 388 1.61 1.49 11
138 1.2 8.6 7.8 255 255  0  0 351 388 1.02 1.08 12
139  1 6.2 5.2 255 255  0  0 351 388 2.44 1.89 13
140  1 11.3 10.5 255 255  0  0 351 388 0.9 0.806 14
141  1 12.5 11.2 255 255  0  0 351 388 0.671 0.872 15
142  1 13.4 11.7 255 255  0  0 351 388 0.8 0.64 16
143 1.33 15.5 13 255 255  0  0 351 388 0.806 0.775 17
144 1.33 17.2 15 255 255  0  0 351 388 0.6  0 18
145  1 16 13.7 255 255  0  0 351 388 0.894 0.64 19
146  1 15.8 13.4 255 255  0  0 351 388 0.4 0.663 20
147 1.4 15.1 12.3 255 255  0  0 351 388 0.3 0.458 21
148 1.5 15 12.4 255 255  0  0 351 388  0 0.49 22
149 1.17 15.1 12.6 255 255  0  0 351 388 0.831 0.8 23
150 1.17 15 12.8 255 255  0  0 351 388 0.447 0.4 24
151 1.33 14.8 12 255 255  0  0 351 388 0.6  0 25
152  1 13.4 12 255 255  0  0 351 388 0.663  0 26
153  1 13.1 11.9 255 255  0  0 351 388 0.7 0.3 27
154  1 12.1 11.4 255 255  0  0 351 388 0.3 0.663 28
155  1 11.8 10.7 255 255  0  0 351 388 0.4 0.781 29
156 1.4 12.5 11.3 255 255  0  0 351 388 0.5 0.64 30
157  1 12.2 11.3 255 255  0  0 352 388 0.6  1 31
158 1.25 10.6 9.5 255 255  0  0 352 388 0.49 0.5 32
159  1 10.6 9.7 255 255 0.1  0 352 388 0.917 0.9 33
160 1.25 13.3 11.8 255 255  0  0 352 388 0.64 0.6 34
161  1 11.9 10.3 255 255  0  0 352 388 0.3 0.64 35
162  1 12 10.8 255 254  0  0 352 388  0 0.4 36
163  1 11.1 9.9 255 255  0  0 352 388 0.539 0.539 37
164  1 9.9  9 255 255  0  0 352 388 0.3  0 38
165  1 9.6 8.9 255 255  0  0 352 388 1.02 0.3 39
166  1 7.9  7 255 255  0  0 352 389 0.831 0.894 40
167 1.25 8.6 7.3 255 255  0  0 352 388 0.49 0.781 41
168  2 9.4 8.6 255 255  0  0 352 389 0.663 0.663 42
169  1 10.1 9.2 255 255  0  0 352 389 0.7 0.4 43
170  1 10.4 9.3 255 255  0  0 352 389 0.917 0.64 44
171  1 8.7 7.4 255 255  0  0 352 389 0.458 0.49 45
172  1 7.5 6.2 255 255  0  0 352 389 0.671 0.872 46
173 1.25 8.9 8.2 255 254  0  0 352 389 0.3 0.6 47
174  1 7.8 6.9 255 255  0  0 352 389 0.4 0.7 48
175  1 6.5 5.8 255 254  0  0 352 389 0.671 0.4 49
176  1 5.6 4.9 255 255  0  0 352 389 0.49 0.7 50
