66 1.25 43.5 41.4 255 255  0 0.1 347 386 1.5 1.8 0.5
67  1 38.7 35.6 255 255  0  0 348 386 0.9 1.2  1
68  1 34.9 31.7 255 255  0  0 348 387 1.76 0.9 1.5
69 1.29 30.6 29.3 255 255  0  0 348 387 0.917 0.9  2
70 1.2 28.3 26.7 255 255  0  0 349 387 0.64 0.64 2.5
71 1.25 27 25.1 255 255  0  0 349 387  0 0.539  3
72 1.17 26.7 23.9 255 255  0  0 349 387 0.9 0.3 3.5
73 1.25 24 23.1 255 255  0  0 349 387  0 0.539  4
74  1 24.3 22.2 255 255  0  0 349 387 0.9 0.872 4.5
75 1.33 26 23.9 255 255  0  0 349 387 0.775 0.3  5
76  1 23.6 22 255 255  0  0 392 387 1.2 1.73 5.5
77 1.12 19.3 17 255 255  0  0 392 387 0.781 0.632  6
78  1 18.3 15.8 255 255  0  0 349 387 0.9 0.872 6.5
79 1.2 21.3 18.3 255 255  0  0 349 387 0.9 0.9  7
80  1 23.8 21 255 255  0  0 349 387 0.4  0 7.5
81 1.17 23.3 21.1 255 254  0  0 349 387 0.458 0.3  8
82 1.5 23.8 21.7 255 255  0  0 349 387 0.6 0.64 8.5
83  1 21.9 20.1 255 255  0  0 349 387 0.3 0.539  9
84  1 21.2 19.4 255 255  0  0 349 387 0.4 0.663 9.5
85  1 20.6 17.7 255 255  0  0 349 387 1.2 0.9 10
86  1 15.9 13.7 255 255  0  0 349 387 1.7 1.62 11
87  1 10.6 9.6 255 255  0  0 349 387 0.8 1.02 12
88 1.4 8.8 7.6 255 255  0  0 349 387 1.54 1.02 13
89  1 11.7 10.5 255 255  0  0 349 387 0.64 0.806 14
90  1 11.5 10.5 255 255  0  0 349 387 0.5 1.02 15
91 1.4 12.3 11.5 255 255  0  0 349 387 0.458 0.5 16
92 1.67 12.8 11.8 255 255  0  0 350 387 0.872 0.4 17
93  1 15.1 12.4 255 255  0  0 350 387 0.3 0.663 18
94 1.5 16.4 14 255 255  0  0 350 387 0.663 0.447 19
95  1 17.9 14.9 255 255  0  0 350 387 0.3 0.3 20
96  1 16.7 14.6 255 255  0  0 350 387 0.64 0.663 21
97 1.2 15.3 13.2 255 255  0  0 350 387 0.64 0.4 22
98 1.33 16.2 14.1 255 255  0  0 350 387 0.748 0.3 23
99 1.2 15.7 13.5 255 255  0  0 350 387 0.64 0.5 24
100  1 15.2 12.8 255 255  0  0 350 387 0.4 0.6 25
101  1 15.4 13.3 255 255  0  0 350 387 0.49 0.781 26
102 1.33 15 12.4 255 255  0  0 350 387 1.1 0.663 27
103  1 13.6 12 255 255 0.1  0 350 387 0.8  0 28
104 1.25 12.8 11.9 255 255  0 0.1 350 387 0.872 0.539 29
105 nan 14.9 12.1 255 255 0.1  0 350 387 0.3 0.3 30
106  1 14.8 12 255 255  0  0 350 387 0.6  0 31
107 1.2 13.1 11.8 255 255  0  0 350 387 0.539 0.6 32
108 1.25 11.7 10.7 255 255  0  0 350 387 0.458 0.64 33
109 1.33 12 11.2 255 255  0 0.1 350 388  0 0.4 34
110  1 11.5 10.2 255 255  0  0 350 388 0.5 0.4 35
111 1.33 12 11.6 255 255  0  0 351 388 0.447 0.663 36
112  1 11.2 10 255 255  0  0 350 388 0.6 0.447 37
113  1 11.9 11 255 255  0  0 351 388 0.3 0.775 38
114  1 11.9 11.5 255 255  0  0 351 388 0.7 0.922 39
115 1.33 9.6  9 255 255 0.1  0 351 388 0.663  0 40
116 1.5 9.1 8.6 255 255  0 0.1 351 388 0.539 0.49 41
117  1  9 8.4 255 255  0  0 351 388  0 0.663 42
118  2 8.7  8 255 254  0  0 351 388 0.64 0.775 43
119  1  9 8.4 255 255  0  0 351 388 0.447 0.49 44
120 1.2 9.5 8.7 255 254  0  0 351 388 0.5 0.64 45
121  1 9.4 8.7 255 255  0  0 351 388 0.663 0.64 46
122 1.5 8.4 7.3 255 255  0  0 351 388 0.663 0.64 47
123  1 10 9.1 255 255  0  0 351 388 0.447 0.3 48
124  1  9  8 255 255  0  0 351 388 0.775 0.632 49
125  1 32 31.3 255 255 20 25.5 351 6.9e+03 74.3 74.6 50
