#sno toa rssi rssi lqi lqi retries retries bat1 bat2 std1 std2 len
 0 1.25 44.4 41.4 255 255  0 0.1 346 384 1.8 1.8 0.5
 1  1 38.7 36.2 255 255  0  0 346 384 0.9 1.47  1
 2  1 36.5 33.3 255 255  0  0 346 384 4.7 4.92 1.5
 3 1.75 47.6 46.1 255 255  0  0 346 384 5.55 5.7  0
 4 1.25 30.3 28.8 255 255  0  0 346 384 0.64 0.6  2
 5  1 28.7 26.7 255 255  0  0 346 384 0.64 0.9 2.5
 6 1.17 26.7 24 255 255  0  0 346 384 0.458  0  3
 7  1 26.4 23.8 255 255  0  0 346 384 0.917 0.6 3.5
 8  1 24 21.5 255 255  0  0 346 384  0 0.5  4
 9 1.25 23.5 21.2 255 255  0  0 346 384 0.5 0.6 4.5
10 1.25 24 22.8 255 255  0  0 346 384  0 0.748  5
11 1.14 23.6 21 255 255  0  0 346 384 1.2 1.1 5.5
12  1 20.4 17.8 255 255  0  0 346 384 0.917 0.6  6
13 1.5 17.9 15.1 255 255  0  0 346 384 0.3 0.3 6.5
14  1 17.5 14.7 255 255  0  0 346 384 0.671 0.9  7
15  1 15.6 12.9 255 255  0  0 346 384 2.84 2.7 7.5
16 1.33 23 20.8 255 255  0  0 346 384 0.775 0.6  8
17 1.25 21 18.7 255 255  0  0 346 385  0 0.458 8.5
18 1.17 21.2 19.7 255 255  0  0 346 385 0.4 0.64  9
19 1.33 21 18.6 255 255  0  0 346 385  0 0.49 9.5
20 1.33 20.7 18 255 255  0  0 346 385 0.64  0 10
21  1 17.5 16.1 255 255  0  0 347 385 4.84 4.72 11
22 1.17 2.8  2 248 232  0  0 346 385 2.79 2.68 12
23 1.5 10.9 10.1 255 255  0  0 346 385 0.539 0.3 13
24 1.33 10.7 9.3 255 255  0  0 346 385 0.64 0.458 14
25  1 8.9 7.5 255 255  0  0 346 385 1.81 1.43 15
26  1 13 11.8 255 255  0  0 346 385 0.775 0.4 16
27 1.4 15 12.6 255 255  0  0 346 386  0 0.663 17
28 1.33 15.1 12.5 255 255  0  0 346 386 0.7 0.671 18
29  1 40.2 38.2 255 255 20 25.5 346 6.9e+03 71.6 72.3 19
30  1 231 231 255 255 180 230 345 5.9e+04 71.7 72.3  0
31  1 16.2 14.2 255 255 20.1 0.1 347 385 0.6 0.748 19
32  1 15.9 13.8 255 255  0  0 346 386 0.831 0.6 20
33  1 14.5 12.3 255 255  0  0 346 386 0.922 0.9 21
34  1 17.1 14.5 255 255  0  0 346 386 0.831 0.922 22
35 1.33 15.1 12.4 255 255  0  0 346 386 0.3 0.49 23
36 1.33 15.2 12.8 255 255  0  0 347 386 0.4 0.748 24
37  1 15.1 13 255 255  0  0 347 386 0.3 0.775 25
38  1 14.7 12.1 255 255  0  0 347 386 0.9 0.539 26
39  1 12.3 11.8 255 255  0  0 347 386 0.64 0.4 27
40 1.17 13.6 12 255 255  0  0 347 386 0.917  0 28
41 1.2 12.3 11.5 255 255  0  0 347 386 0.9 0.5 29
42  1 14.2 11.8 255 255  0  0 347 386 0.872 0.6 30
43 1.25 12 11.3 255 255  0  0 347 386  0 0.64 31
44  1 12.8 11.7 255 255  0  0 347 386 0.748 0.9 32
45  1 10.6  9 255 255  0  0 347 386 0.49  0 33
46  1 9.3  9 255 255  0  0 347 386 0.9 0.775 34
47 1.5 11.5 10.5 255 255  0  0 347 386 0.5 0.671 35
48  1 11.9 10.4 255 255  0  0 347 386 0.3 0.663 36
49 1.33 10.6 9.9 255 255  0  0 347 386 1.11 1.04 37
50 1.25 9.7 8.8 255 255  0  0 348 386 0.458 0.98 38
51  1 8.1 6.9 255 255  0  0 348 386 0.539 0.831 39
52  1 8.9 8.5 255 255  0  0 348 386 1.04 1.2 40
53  1 5.4 4.5 255 255  0  0 348 386 1.28 1.5 41
54  1 9.3 8.7 255 255  0  0 348 386 0.458 0.458 42
55  1 8.8 7.8 255 255  0  0 348 386 0.748 0.6 43
56 nan 7.8  7 255 255  0  0 348 386 0.872 0.894 44
57 1.2 10.1 9.2 255 254  0  0 348 386 0.831 0.6 45
58 1.5 7.8 6.3 255 255  0  0 392 386 1.99 1.62 46
59  1 2.6 2.1 255 251  0  0 348 386 2.54 2.34 47
60 1.33 10  9 255 255  0  0 348 386 1.41 0.775 48
61 nan 6.4 5.7 255 255  0  0 348 386 0.663 0.64 49
62  1 5.9 4.9 255 255  0  0 348 386 1.51 1.51 50
63  1 9.1 8.1 255 255  0  0 348 386 1.14 0.831  0
64  1 31.8 30.9 255 255 20 25.5 348 6.9e+03 74.4 74.7  0
65  1 234 234 255 255 180 230 347 5.9e+04 63.3 63.9  0
66 1.25 43.5 41.4 255 255  0 0.1 347 386 1.5 1.8 0.5
67  1 38.7 35.6 255 255  0  0 348 386 0.9 1.2  1
68  1 34.9 31.7 255 255  0  0 348 387 1.76 0.9 1.5
69 1.29 30.6 29.3 255 255  0  0 348 387 0.917 0.9  2
70 1.2 28.3 26.7 255 255  0  0 349 387 0.64 0.64 2.5
71 1.25 27 25.1 255 255  0  0 349 387  0 0.539  3
72 1.17 26.7 23.9 255 255  0  0 349 387 0.9 0.3 3.5
73 1.25 24 23.1 255 255  0  0 349 387  0 0.539  4
74  1 24.3 22.2 255 255  0  0 349 387 0.9 0.872 4.5
75 1.33 26 23.9 255 255  0  0 349 387 0.775 0.3  5
76  1 23.6 22 255 255  0  0 392 387 1.2 1.73 5.5
77 1.12 19.3 17 255 255  0  0 392 387 0.781 0.632  6
78  1 18.3 15.8 255 255  0  0 349 387 0.9 0.872 6.5
79 1.2 21.3 18.3 255 255  0  0 349 387 0.9 0.9  7
80  1 23.8 21 255 255  0  0 349 387 0.4  0 7.5
81 1.17 23.3 21.1 255 254  0  0 349 387 0.458 0.3  8
82 1.5 23.8 21.7 255 255  0  0 349 387 0.6 0.64 8.5
83  1 21.9 20.1 255 255  0  0 349 387 0.3 0.539  9
84  1 21.2 19.4 255 255  0  0 349 387 0.4 0.663 9.5
85  1 20.6 17.7 255 255  0  0 349 387 1.2 0.9 10
86  1 15.9 13.7 255 255  0  0 349 387 1.7 1.62 11
87  1 10.6 9.6 255 255  0  0 349 387 0.8 1.02 12
88 1.4 8.8 7.6 255 255  0  0 349 387 1.54 1.02 13
89  1 11.7 10.5 255 255  0  0 349 387 0.64 0.806 14
90  1 11.5 10.5 255 255  0  0 349 387 0.5 1.02 15
91 1.4 12.3 11.5 255 255  0  0 349 387 0.458 0.5 16
92 1.67 12.8 11.8 255 255  0  0 350 387 0.872 0.4 17
93  1 15.1 12.4 255 255  0  0 350 387 0.3 0.663 18
94 1.5 16.4 14 255 255  0  0 350 387 0.663 0.447 19
95  1 17.9 14.9 255 255  0  0 350 387 0.3 0.3 20
96  1 16.7 14.6 255 255  0  0 350 387 0.64 0.663 21
97 1.2 15.3 13.2 255 255  0  0 350 387 0.64 0.4 22
98 1.33 16.2 14.1 255 255  0  0 350 387 0.748 0.3 23
99 1.2 15.7 13.5 255 255  0  0 350 387 0.64 0.5 24
100  1 15.2 12.8 255 255  0  0 350 387 0.4 0.6 25
101  1 15.4 13.3 255 255  0  0 350 387 0.49 0.781 26
102 1.33 15 12.4 255 255  0  0 350 387 1.1 0.663 27
103  1 13.6 12 255 255 0.1  0 350 387 0.8  0 28
104 1.25 12.8 11.9 255 255  0 0.1 350 387 0.872 0.539 29
105 nan 14.9 12.1 255 255 0.1  0 350 387 0.3 0.3 30
106  1 14.8 12 255 255  0  0 350 387 0.6  0 31
107 1.2 13.1 11.8 255 255  0  0 350 387 0.539 0.6 32
108 1.25 11.7 10.7 255 255  0  0 350 387 0.458 0.64 33
109 1.33 12 11.2 255 255  0 0.1 350 388  0 0.4 34
110  1 11.5 10.2 255 255  0  0 350 388 0.5 0.4 35
111 1.33 12 11.6 255 255  0  0 351 388 0.447 0.663 36
112  1 11.2 10 255 255  0  0 350 388 0.6 0.447 37
113  1 11.9 11 255 255  0  0 351 388 0.3 0.775 38
114  1 11.9 11.5 255 255  0  0 351 388 0.7 0.922 39
115 1.33 9.6  9 255 255 0.1  0 351 388 0.663  0 40
116 1.5 9.1 8.6 255 255  0 0.1 351 388 0.539 0.49 41
117  1  9 8.4 255 255  0  0 351 388  0 0.663 42
118  2 8.7  8 255 254  0  0 351 388 0.64 0.775 43
119  1  9 8.4 255 255  0  0 351 388 0.447 0.49 44
120 1.2 9.5 8.7 255 254  0  0 351 388 0.5 0.64 45
121  1 9.4 8.7 255 255  0  0 351 388 0.663 0.64 46
122 1.5 8.4 7.3 255 255  0  0 351 388 0.663 0.64 47
123  1 10 9.1 255 255  0  0 351 388 0.447 0.3 48
124  1  9  8 255 255  0  0 351 388 0.775 0.632 49
125  1 32 31.3 255 255 20 25.5 351 6.9e+03 74.3 74.6 50
126  1 233 233 255 255 180 230 348 5.9e+04 65.7 66.6  0
127  1 35.4 32.4 255 255  0 0.1 348 387 1.8 1.8  1
128  1 29.5 26.7 255 255  0  0 349 387 1.5 0.9  2
129 1.14 24.9 23.8 254 255  0  0 350 387 0.3 0.6  3
130 1.14 24 21.4 255 255  0  0 350 387  0 0.49  4
131 1.2 23.6 20.9 255 255  0  0 350 388 1.2 1.37  5
132  1 19.4 17.5 255 255  0  0 350 388 0.8 0.671  6
133 1.14 18.2 15.6 255 255  0  0 350 388 1.33 1.8  7
134 1.25 22.6 20.8 255 255  0  0 350 388 0.8 0.6  8
135  1 20.9 18.1 255 255  0  0 350 388 0.3 0.3  9
136 1.25 19.6 17.4 255 255  0  0 350 388 2.24 1.8 10
137  1 12 11.3 255 255  0  0 350 388 1.61 1.49 11
138 1.2 8.6 7.8 255 255  0  0 351 388 1.02 1.08 12
139  1 6.2 5.2 255 255  0  0 351 388 2.44 1.89 13
140  1 11.3 10.5 255 255  0  0 351 388 0.9 0.806 14
141  1 12.5 11.2 255 255  0  0 351 388 0.671 0.872 15
142  1 13.4 11.7 255 255  0  0 351 388 0.8 0.64 16
143 1.33 15.5 13 255 255  0  0 351 388 0.806 0.775 17
144 1.33 17.2 15 255 255  0  0 351 388 0.6  0 18
145  1 16 13.7 255 255  0  0 351 388 0.894 0.64 19
146  1 15.8 13.4 255 255  0  0 351 388 0.4 0.663 20
147 1.4 15.1 12.3 255 255  0  0 351 388 0.3 0.458 21
148 1.5 15 12.4 255 255  0  0 351 388  0 0.49 22
149 1.17 15.1 12.6 255 255  0  0 351 388 0.831 0.8 23
150 1.17 15 12.8 255 255  0  0 351 388 0.447 0.4 24
151 1.33 14.8 12 255 255  0  0 351 388 0.6  0 25
152  1 13.4 12 255 255  0  0 351 388 0.663  0 26
153  1 13.1 11.9 255 255  0  0 351 388 0.7 0.3 27
154  1 12.1 11.4 255 255  0  0 351 388 0.3 0.663 28
155  1 11.8 10.7 255 255  0  0 351 388 0.4 0.781 29
156 1.4 12.5 11.3 255 255  0  0 351 388 0.5 0.64 30
157  1 12.2 11.3 255 255  0  0 352 388 0.6  1 31
158 1.25 10.6 9.5 255 255  0  0 352 388 0.49 0.5 32
159  1 10.6 9.7 255 255 0.1  0 352 388 0.917 0.9 33
160 1.25 13.3 11.8 255 255  0  0 352 388 0.64 0.6 34
161  1 11.9 10.3 255 255  0  0 352 388 0.3 0.64 35
162  1 12 10.8 255 254  0  0 352 388  0 0.4 36
163  1 11.1 9.9 255 255  0  0 352 388 0.539 0.539 37
164  1 9.9  9 255 255  0  0 352 388 0.3  0 38
165  1 9.6 8.9 255 255  0  0 352 388 1.02 0.3 39
166  1 7.9  7 255 255  0  0 352 389 0.831 0.894 40
167 1.25 8.6 7.3 255 255  0  0 352 388 0.49 0.781 41
168  2 9.4 8.6 255 255  0  0 352 389 0.663 0.663 42
169  1 10.1 9.2 255 255  0  0 352 389 0.7 0.4 43
170  1 10.4 9.3 255 255  0  0 352 389 0.917 0.64 44
171  1 8.7 7.4 255 255  0  0 352 389 0.458 0.49 45
172  1 7.5 6.2 255 255  0  0 352 389 0.671 0.872 46
173 1.25 8.9 8.2 255 254  0  0 352 389 0.3 0.6 47
174  1 7.8 6.9 255 255  0  0 352 389 0.4 0.7 48
175  1 6.5 5.8 255 254  0  0 352 389 0.671 0.4 49
176  1 5.6 4.9 255 255  0  0 352 389 0.49 0.7 50
