#sno toa rssi rssi lqi lqi retries retries bat1 bat2 std1 std2 len
 0  1 45 42 255 255 0.0333 0.0333 382 364  0  0 0.5
 1 1.19 37.1 34.6 255 255 0.0333 0.0333 383 364 0.34 1.5  1
 2 1.11 37.1 34.3 255 255  0  0 384 364 0.249 1.49  1
 3 1.06 30 28.3 255 255  0  0 384 364  0 0.471 1.5
 4 1.11 30 27 255 255  0  0 384 364 0.18  0  2
 5 1.12 28 26.4 255 255  0  0 384 365  0 0.49 2.5
 6 1.27 24.6 24 255 255  0  0 385 365 0.547  0  3
 7  1 23.3 21 255 255  0  0 385 365 0.586  0 3.5
 8 1.29 24 24 255 255  0  0 385 365  0 0.18  4
 9 1.19 23.9 21 255 255  0  0 385 365 0.249  0 4.5
10 1.25 17.7 15.2 255 255  0  0 386 365 0.442 0.476  5
11 1.22 24 21 255 255  0  0 385 365  0  0 5.5
12 1.33 23 21 255 255  0  0 386 365  0  0  6
13 1.23 21.2 19.9 255 255  0  0 386 365 0.423 0.249 6.5
14 1.19 18.5 16 255 255  0  0 386 365 0.5  0  7
15 1.22 10.2 9.07 254 255  0  0 386 365 0.6 0.68 7.5
16 1.2 14.3 12 255 255  0  0 386 365 0.596  0  8
17 1.27 17.1 14.9 255 255  0  0 386 365 0.473 0.249 8.5
18 1.29 21 18 255 255  0  0 387 365  0  0  9
19 1.08 20.9 18 255 255  0  0 387 365 0.249  0 9.5
20 1.08 21 18.5 255 255  0  0 387 366  0 0.499 10
21 1.24 21.3 19.9 255 255  0  0 387 366 0.458 0.249 10.5
22 1.27 21 18.6 255 255  0  0 387 366 0.18 0.482 11
23 1.08 20.2 18 255 255  0  0 387 366 0.423  0 11.5
24 1.07 16.4 14 255 255  0  0 387 366 0.657 0.547 12
25  1 15 13 255 255  0  0 387 366  0 0.407 13
26 1.15 12.8 11.9 255 255  0  0 387 366 0.4 0.34 14
27  1 6.17 5.43 253 252  0 0.1 387 366 0.453 0.559 15
28  1 2.87 1.87 254 254 0.0667 0.0333 387 366 0.618 0.562 16
29 1.11 8.67 7.5 255 255  0  0 387 366 0.471 0.719 17
30 1.11 10.3 9.03 254 255  0  0 387 366 0.772 0.18 18
31 1.17 3.5 2.87 187 160 0.367 0.7 387 367 0.5 0.499 19
32 1.08 12 11.7 255 254  0 0.0667 387 366  0 0.442 20
33 1.14 12.4 11.1 255 255  0  0 388 366 0.49 0.3 21
34 1.13 13.3 12 255 255  0  0 388 366 0.526  0 22
35 1.07 13.2 12 255 255  0  0 388 366 0.4  0 23
36 1.09 13.1 12 255 248  0  0 388 366 0.539 0.18 24
37  1 13.3 12 255 255  0  0 388 366 0.458  0 25
38  1 12.9 12 255 255  0  0 388 367 0.3  0 26
39 1.25 15 12.4 255 255  0  0 388 367  0 0.496 27
40  1 12.3 12 255 255  0  0 388 367 0.458  0 28
41 1.09 13 12 255 255  0  0 388 367  0  0 29
42 1.27 12.2 12 255 255  0  0 388 367 0.423  0 30
43 1.07 11.8 10.1 254 255  0  0 389 367 0.373 0.3 31
44 1.08 12.9 12 255 255  0  0 389 367 0.249 0.18 32
45  1 12 11 255 255  0  0 389 367  0  0 33
46 1.13 9.93  9 255 255  0  0 389 367 0.249  0 34
47 1.33 12 10.9 255 254  0  0 389 367  0 0.34 35
48 1.2 9.67 8.87 255 255  0  0 389 367 0.471 0.427 36
49 1.1 12 10.6 255 255  0  0 389 367  0 0.482 37
50 1.19 10.5 9.2 255 255  0  0 389 367 0.499 0.4 38
51  1 12.5 11.3 255 255  0  0 389 367 0.499 0.458 39
52 1.15 8.13 7.2 253 255  0  0 390 368 0.427 0.476 40
53 1.2 6.8  6 255 255  0  0 390 368 0.4  0 41
54 1.08 8.17 7.4 255 255  0  0 390 368 0.373 0.49 42
55 1.25 10.8 9.2 255 255  0  0 390 368 0.496 0.4 43
56  1 9.63 8.6 255 255  0  0 390 368 0.482 0.49 44
57  1 10.3 9.03 254 255  0  0 390 368 0.458 0.18 45
58 1.3  8 6.93 255 255  0  0 390 368  0 0.249 46
59  1 9.33  9 255 255  0  0 390 368 0.471  0 47
60  1 7.1 6.17 255 255  0 0.0333 390 368 0.396 0.373 48
61 1.3  6  5 255 255 0.0333 0.0333 390 368  0  0 49
62 1.33 5.9 4.8 255 254  0 0.1 391 368 0.3 0.4 50
63 1.18 38.9 36 255 255 0.0333 0.0333 388 368 0.249  0  1
64 1.16 31.6 29.9 255 255  0  0 389 368 0.49 0.3  2
65 1.14 27 25.9 255 255  0  0 389 368 0.18 0.473  3
66 1.33 24 21.6 255 255  0  0 390 369  0 0.657  4
67 1.25 21.4 20 255 255  0  0 390 369 0.49 0.632  5
68 1.19 21.8 20.3 255 255  0  0 390 369 0.559 0.998  6
69  1 21.2 19.7 255 255  0  0 390 369 0.4 0.512  7
70 1.15 17.6 15 255 255  0  0 390 369 0.496 0.18  8
71 1.16 24 23.1 255 255  0  0 391 369  0 0.249  9
72 1.07 0.433 0.367 220 204 1.77 1.43 391 369 1.05 0.948 10
73  1 23.6 21 255 255  0 0.233 391 369 0.482  0 11
74 1.06 17 14.5 255 255  0  0 391 369 0.657 0.67 12
75 1.13 12.9 11.1 255 255  0  0 391 369 1.54 1.12 13
76 1.19 17.8 15 255 255  0  0 391 369 0.373 0.18 14
77 1.2 9.87 9.2 255 255  0  0 391 369 1.59 1.11 15
78 1.12 5.6 4.3 254 254  0  0 391 369 1.58 1.88 16
79  1 6.6 5.27 255 255  0  0 391 369 1.47 1.55 17
80 1.25 12.1 11.6 255 255  0  0 391 370 0.396 0.49 18
81 1.08 15 12.4 255 255  0  0 391 369  0 0.554 19
82 1.18 9.87  9 255 255  0  0 391 369 1.26 1.03 20
83 1.21 9.87  9 255 255  0  0 391 369 0.34  0 21
84 1.23 2.6 1.47 249 245 0.1 0.0333 391 369 1.69 1.41 22
85 1.06 14.3 12 255 255  0  0 391 369 0.929 0.258 23
86 1.17 18 15.3 255 255  0  0 391 370  0 0.442 24
87 1.25 16.5 14.4 255 255  0  0 391 370 0.499 0.49 25
88 1.11 14.4 12 255 255  0  0 391 370 0.49  0 26
89 1.15 11.9 10.7 255 255  0  0 391 370 0.499 0.814 27
90 1.07 10.5 9.23 255 255  0  0 391 370 0.806 0.716 28
91 1.14 9.47 8.6 255 255  0  0 391 370 0.846 0.879 29
92 1.31 9.17 8.8 255 255  0  0 391 370 0.373 0.476 30
