#sno toa rssi rssi lqi lqi retries retries bat1 bat2 std1 std2 len
 0 1.25 44.4 41.4 255 255  0 0.1 346 384 1.8 1.8 0.5
 1  1 38.7 36.2 255 255  0  0 346 384 0.9 1.47  1
 2  1 36.5 33.3 255 255  0  0 346 384 4.7 4.92 1.5
 3 1.75 47.6 46.1 255 255  0  0 346 384 5.55 5.7  0
 4 1.25 30.3 28.8 255 255  0  0 346 384 0.64 0.6  2
 5  1 28.7 26.7 255 255  0  0 346 384 0.64 0.9 2.5
 6 1.17 26.7 24 255 255  0  0 346 384 0.458  0  3
 7  1 26.4 23.8 255 255  0  0 346 384 0.917 0.6 3.5
 8  1 24 21.5 255 255  0  0 346 384  0 0.5  4
 9 1.25 23.5 21.2 255 255  0  0 346 384 0.5 0.6 4.5
10 1.25 24 22.8 255 255  0  0 346 384  0 0.748  5
11 1.14 23.6 21 255 255  0  0 346 384 1.2 1.1 5.5
12  1 20.4 17.8 255 255  0  0 346 384 0.917 0.6  6
13 1.5 17.9 15.1 255 255  0  0 346 384 0.3 0.3 6.5
14  1 17.5 14.7 255 255  0  0 346 384 0.671 0.9  7
15  1 15.6 12.9 255 255  0  0 346 384 2.84 2.7 7.5
16 1.33 23 20.8 255 255  0  0 346 384 0.775 0.6  8
17 1.25 21 18.7 255 255  0  0 346 385  0 0.458 8.5
18 1.17 21.2 19.7 255 255  0  0 346 385 0.4 0.64  9
19 1.33 21 18.6 255 255  0  0 346 385  0 0.49 9.5
20 1.33 20.7 18 255 255  0  0 346 385 0.64  0 10
21  1 17.5 16.1 255 255  0  0 347 385 4.84 4.72 11
22 1.17 2.8  2 248 232  0  0 346 385 2.79 2.68 12
23 1.5 10.9 10.1 255 255  0  0 346 385 0.539 0.3 13
24 1.33 10.7 9.3 255 255  0  0 346 385 0.64 0.458 14
25  1 8.9 7.5 255 255  0  0 346 385 1.81 1.43 15
26  1 13 11.8 255 255  0  0 346 385 0.775 0.4 16
27 1.4 15 12.6 255 255  0  0 346 386  0 0.663 17
28 1.33 15.1 12.5 255 255  0  0 346 386 0.7 0.671 18
29  1 40.2 38.2 255 255 20 25.5 346 6.9e+03 71.6 72.3 19
30  1 231 231 255 255 180 230 345 5.9e+04 71.7 72.3  0
31  1 16.2 14.2 255 255 20.1 0.1 347 385 0.6 0.748 19
32  1 15.9 13.8 255 255  0  0 346 386 0.831 0.6 20
33  1 14.5 12.3 255 255  0  0 346 386 0.922 0.9 21
34  1 17.1 14.5 255 255  0  0 346 386 0.831 0.922 22
35 1.33 15.1 12.4 255 255  0  0 346 386 0.3 0.49 23
36 1.33 15.2 12.8 255 255  0  0 347 386 0.4 0.748 24
37  1 15.1 13 255 255  0  0 347 386 0.3 0.775 25
38  1 14.7 12.1 255 255  0  0 347 386 0.9 0.539 26
39  1 12.3 11.8 255 255  0  0 347 386 0.64 0.4 27
40 1.17 13.6 12 255 255  0  0 347 386 0.917  0 28
41 1.2 12.3 11.5 255 255  0  0 347 386 0.9 0.5 29
42  1 14.2 11.8 255 255  0  0 347 386 0.872 0.6 30
43 1.25 12 11.3 255 255  0  0 347 386  0 0.64 31
44  1 12.8 11.7 255 255  0  0 347 386 0.748 0.9 32
45  1 10.6  9 255 255  0  0 347 386 0.49  0 33
46  1 9.3  9 255 255  0  0 347 386 0.9 0.775 34
47 1.5 11.5 10.5 255 255  0  0 347 386 0.5 0.671 35
48  1 11.9 10.4 255 255  0  0 347 386 0.3 0.663 36
49 1.33 10.6 9.9 255 255  0  0 347 386 1.11 1.04 37
50 1.25 9.7 8.8 255 255  0  0 348 386 0.458 0.98 38
51  1 8.1 6.9 255 255  0  0 348 386 0.539 0.831 39
52  1 8.9 8.5 255 255  0  0 348 386 1.04 1.2 40
53  1 5.4 4.5 255 255  0  0 348 386 1.28 1.5 41
54  1 9.3 8.7 255 255  0  0 348 386 0.458 0.458 42
55  1 8.8 7.8 255 255  0  0 348 386 0.748 0.6 43
56 nan 7.8  7 255 255  0  0 348 386 0.872 0.894 44
57 1.2 10.1 9.2 255 254  0  0 348 386 0.831 0.6 45
58 1.5 7.8 6.3 255 255  0  0 392 386 1.99 1.62 46
59  1 2.6 2.1 255 251  0  0 348 386 2.54 2.34 47
60 1.33 10  9 255 255  0  0 348 386 1.41 0.775 48
61 nan 6.4 5.7 255 255  0  0 348 386 0.663 0.64 49
62  1 5.9 4.9 255 255  0  0 348 386 1.51 1.51 50
63  1 9.1 8.1 255 255  0  0 348 386 1.14 0.831  0
64  1 31.8 30.9 255 255 20 25.5 348 6.9e+03 74.4 74.7  0
65  1 234 234 255 255 180 230 347 5.9e+04 63.3 63.9  0
