0.5 44.3 41.6
1 37.65 34.85
1.5 33.8 31.1
2 30.4 28.34
2.5 28.3333 26.6
3 26.04 24.56
3.5 25.4667 22.9
4 24 22.32
4.5 23.9 21.4667
5 22.54 20.56
5.5 23.7333 21.3333
6 20.78 18.72
6.5 19.1333 16.9333
7 19.34 16.86
7.5 16.5333 14.3233
8 20.16 17.94
8.5 20.6333 18.4333
9 21.8 19.8
9.5 21.0333 18.6667
10 16.4666 14.3934
10.5 21.3 19.9
11 18 16.14
11.5 20.2 18
12 11.08 9.58
13 10.76 9.4
14 12.86 11.44
15 9.788 8.766
16 9.434 8.234
17 11.714 10.034
18 13.96 12.106
19 17.8833 15.895
20 14.294 12.56
21 13.714 11.86
22 12.66 10.714
23 14.78 12.62
24 15.4 13.28
25 14.98 12.84
26 14.16 12.28
27 13.46 11.84
28 12.42 11.326
29 11.874 10.94
30 12.594 11.2
31 12.7 11.175
32 12.35 11.25
33 11.225 10.1
34 11.1325 10.25
35 11.725 10.475
36 11.3925 10.4175
37 11.225 10.1
38 10.5 9.5
39 10.525 9.65
40 8.6325 7.925
41 7.475 6.6
42 8.9675 8.275
43 9.6 8.55
44 9.2075 8.325
45 9.65 8.5825
46 8.175 7.0325
47 7.3075 6.65
48 8.725 7.7925
49 6.975 6.125
